25000.00
119.99
5000.00
1250.00
175000.00
50000.00
500000.00
12500.00
100000.00
115.00
97.50
30.15
35.00
200.00
50.35
65.75
545.00
400.50
2750.15
75.00
2000.00
89000.00
3000.00
5150.50
45000.98
15.99
25.00
19.95
75.00
100.00
150.00
27.91
71.25
5.99
62.75
180.00
15.00
19.99
30.00
20.50
45.00
70.99
23.99
9.99
3.50
2.99
4.50
1.99
1.99
2.25
0.75
0.60
2.50
0.50
0.35
0.42
2.75
8.99
3.00
5.99
75.85
100.99
18.71
150.00
42.75
200.00
50.00
150.50
69.99
80.00
350.00
749.99
23.85
10.78
74.99
400.00
90.70
200.99
31.75
125.00
234.99
27.50
5.79
17.85
14.97
3.75
10.00
18.00
45.00
20.75
5.99
